-12.8 278.15
355.7 277.65
416.2 305.15
478.2 353.15
548.2 385.15
662.2 382.15
787.2 350.15
888.2 277.15
1036.9 256.3
1174.0 160.8
1275.9 162.8
1564.2 432.15
1795.9 422.7
2053.2 369.5
2233.85 320.3
2460.2 226.15
2511.2 335.15
2591.2 370.15
2689.2 366.15
2796.2 293.15
3174.2 297.15
3187.2 281.5
3199.2 296.85
3214.2 297.15
3227.2 281.5
3239.2 296.85
3254.2 297.15
3267.2 281.5
3279.2 296.85
3294.2 297.15
3307.2 281.5
3319.2 296.85
3334.2 297.15
3347.2 281.5
3359.2 296.85
3374.2 297.15
3387.2 281.5
3399.2 296.85
3414.2 297.15
3427.2 281.5
3439.2 296.85
3454.2 297.15
3467.2 281.5
3479.2 296.85
3494.2 297.15
3507.2 281.5
3519.2 296.85
3698.2 301.15
3858.2 344.15
3950.2 265.15
4113.2 247.15
4181.2 323.15
4264.2 338.15
4319.2 372.15
4410.2 399.15
4609.2 365.15
4763.2 306.15
4869.2 187.15
4933.2 356.15
5109.2 325.15
5483.2 428.15
5691.2 443.15
5999.2 361.15
6227.2 265.15
6379.2 149.15
6628.2 185.15
6873.2 133.15
7057.2 327.85
7259.2 395.15
7662.25 301.65
7686.75 433.9